
SS_CUSTOMER_SK   SUMSALES                                                       
-------------- ----------                                                       
            42          0                                                       
           149          0                                                       
           154          0                                                       
           328          0                                                       
           343          0                                                       
           507          0                                                       
           510          0                                                       
           595          0                                                       
           880          0                                                       
          1337          0                                                       
          1416          0                                                       

SS_CUSTOMER_SK   SUMSALES                                                       
-------------- ----------                                                       
          1674          0                                                       
          1708          0                                                       
          1821          0                                                       
          1898          0                                                       
          1996          0                                                       
          2016          0                                                       
          2984          0                                                       
          3272          0                                                       
          3508          0                                                       
          3679          0                                                       
          3734          0                                                       

SS_CUSTOMER_SK   SUMSALES                                                       
-------------- ----------                                                       
          3794          0                                                       
          3803          0                                                       
          3992          0                                                       
          4320          0                                                       
          4615          0                                                       
          4807          0                                                       
          5110          0                                                       
          5213          0                                                       
          5309          0                                                       
          5785          0                                                       
          5833          0                                                       

SS_CUSTOMER_SK   SUMSALES                                                       
-------------- ----------                                                       
          5963          0                                                       
          6269          0                                                       
          6435          0                                                       
          6549          0                                                       
          6795          0                                                       
          6894          0                                                       
          6970          0                                                       
          7059          0                                                       
          7156          0                                                       
          7373          0                                                       
          7427          0                                                       

SS_CUSTOMER_SK   SUMSALES                                                       
-------------- ----------                                                       
          7502          0                                                       
          7548          0                                                       
          7563          0                                                       
          7591          0                                                       
          8722          0                                                       
          8790          0                                                       
          8822          0                                                       
          9056          0                                                       
          9393          0                                                       
          9675          0                                                       
         10015          0                                                       

SS_CUSTOMER_SK   SUMSALES                                                       
-------------- ----------                                                       
         10031          0                                                       
         10068          0                                                       
         10150          0                                                       
         10363          0                                                       
         10410          0                                                       
         10556          0                                                       
         10690          0                                                       
         10709          0                                                       
         10832          0                                                       
         11145          0                                                       
         11312          0                                                       

SS_CUSTOMER_SK   SUMSALES                                                       
-------------- ----------                                                       
         11330          0                                                       
         11627          0                                                       
         11681          0                                                       
         11725          0                                                       
         11895          0                                                       
         12076          0                                                       
         12213          0                                                       
         12336          0                                                       
         12402          0                                                       
         12474          0                                                       
         12738          0                                                       

SS_CUSTOMER_SK   SUMSALES                                                       
-------------- ----------                                                       
         12833          0                                                       
         12861          0                                                       
         14148          0                                                       
         14165          0                                                       
         14188          0                                                       
         15218          0                                                       
         15315          0                                                       
         15319          0                                                       
         15389          0                                                       
         15408          0                                                       
         15664          0                                                       

SS_CUSTOMER_SK   SUMSALES                                                       
-------------- ----------                                                       
         16330          0                                                       
         16384          0                                                       
         16417          0                                                       
         16480          0                                                       
         16982          0                                                       
         17150          0                                                       
         17191          0                                                       
         17411          0                                                       
         17772          0                                                       
         17820          0                                                       
         18044          0                                                       

SS_CUSTOMER_SK   SUMSALES                                                       
-------------- ----------                                                       
         18364          0                                                       

100 rows selected.

timing for: t
Elapsed: 00:00:02.24
