
I_MANUFACT_ID TOTAL_SALES                                                       
------------- -----------                                                       
          956      140.53                                                       
          893     1761.58                                                       
          953     6252.94                                                       
          757      6280.7                                                       
          691     6298.53                                                       
          914     7134.81                                                       
          755     8320.36                                                       
          974     8790.68                                                       
          530     8988.18                                                       
          699     9276.92                                                       
          745     9669.21                                                       

I_MANUFACT_ID TOTAL_SALES                                                       
------------- -----------                                                       
          784    10730.17                                                       
          765    10796.95                                                       
          823     10805.2                                                       
          898    11107.48                                                       
          798    11964.19                                                       
          817    11967.77                                                       
          818    12248.64                                                       
          999    12712.61                                                       
          827    13158.55                                                       
          780    13285.08                                                       
          913    13656.14                                                       

I_MANUFACT_ID TOTAL_SALES                                                       
------------- -----------                                                       
          994    13830.73                                                       
          815    14204.12                                                       
          821    14207.25                                                       
          915    14289.57                                                       
          693    14372.51                                                       
          903    14890.12                                                       
          774    15415.13                                                       
          909    15686.56                                                       
          927    15828.82                                                       
          786    15913.71                                                       
          695    16020.81                                                       

I_MANUFACT_ID TOTAL_SALES                                                       
------------- -----------                                                       
          920    17127.88                                                       
          851    17175.49                                                       
          746    17365.27                                                       
          910    17992.87                                                       
          740    18390.15                                                       
          738    18404.85                                                       
          790     18541.4                                                       
          797    18702.84                                                       
          869    19151.94                                                       
          749    19168.41                                                       
          824    19228.27                                                       

I_MANUFACT_ID TOTAL_SALES                                                       
------------- -----------                                                       
          897    19378.91                                                       
          993    19639.52                                                       
          773    19685.83                                                       
          895    19692.11                                                       
          998    19817.05                                                       
          789    20090.05                                                       
          677    20289.37                                                       
          678    20422.11                                                       
          838    20474.33                                                       
          943    20656.88                                                       
          683    20796.44                                                       

I_MANUFACT_ID TOTAL_SALES                                                       
------------- -----------                                                       
          702    20893.74                                                       
          976     21184.1                                                       
          782    21208.88                                                       
          899    21524.62                                                       
          732    21575.38                                                       
          853    21715.69                                                       
          690       21918                                                       
          930    22100.69                                                       
          852     22189.9                                                       
          769    22364.73                                                       
          696    22432.45                                                       

I_MANUFACT_ID TOTAL_SALES                                                       
------------- -----------                                                       
          814     22557.2                                                       
          983    22634.59                                                       
          812    22715.09                                                       
          558     22891.4                                                       
          687    23295.09                                                       
          744    23486.75                                                       
          770    23631.91                                                       
          772    23851.71                                                       
          766    24187.64                                                       
          964    24299.23                                                       
          763    24427.11                                                       

I_MANUFACT_ID TOTAL_SALES                                                       
------------- -----------                                                       
          965    24446.06                                                       
          673    24758.44                                                       
          901    24773.06                                                       
          875    24883.15                                                       
          992     25817.4                                                       
          936    26202.68                                                       
          955    26569.81                                                       
          781     27306.6                                                       
          907    27410.04                                                       
          724    27709.38                                                       
          787    27742.53                                                       

I_MANUFACT_ID TOTAL_SALES                                                       
------------- -----------                                                       
          975    27988.55                                                       
          733    28274.08                                                       
          887    28353.41                                                       
          762    28531.55                                                       
          891    28682.19                                                       
          717    29023.53                                                       
          730    29080.79                                                       
          776    29129.46                                                       
          833    29169.05                                                       
          667    29637.93                                                       
          680    29899.06                                                       

I_MANUFACT_ID TOTAL_SALES                                                       
------------- -----------                                                       
          929     30079.2                                                       

100 rows selected.

timing for: t
Elapsed: 00:00:03.40
