
I_MANUFACT_ID  SUM_SALES AVG_QUARTERLY_SALES                                    
------------- ---------- -------------------                                    
          887     309.89            648.0575                                    
          887     353.68            648.0575                                    
          887     892.83            648.0575                                    
          887    1035.83            648.0575                                    
          103     296.06              718.44                                    
          103     354.38              718.44                                    
          103    1562.99              718.44                                    
          195     384.22             724.355                                    
          195     542.28             724.355                                    
          195     929.56             724.355                                    
          195    1041.36             724.355                                    

I_MANUFACT_ID  SUM_SALES AVG_QUARTERLY_SALES                                    
------------- ---------- -------------------                                    
          612     315.81              733.25                                    
          612     440.66              733.25                                    
          612    1475.77              733.25                                    
          163     286.36             738.005                                    
          163     455.38             738.005                                    
          163    1005.16             738.005                                    
          163    1205.12             738.005                                    
          355     576.24             761.095                                    
          355     644.77             761.095                                    
          355    1003.71             761.095                                    
          402     466.47              762.07                                    

I_MANUFACT_ID  SUM_SALES AVG_QUARTERLY_SALES                                    
------------- ---------- -------------------                                    
          402     529.18              762.07                                    
          402    1307.53              762.07                                    
          309     538.95            779.2125                                    
          309     635.54            779.2125                                    
          309    1174.58            779.2125                                    
          194     381.88              812.32                                    
          194     388.73              812.32                                    
          194    1711.83              812.32                                    
           36     399.74            841.7725                                    
           36        675            841.7725                                    
           36     729.47            841.7725                                    

I_MANUFACT_ID  SUM_SALES AVG_QUARTERLY_SALES                                    
------------- ---------- -------------------                                    
           36    1562.88            841.7725                                    
          315      447.6             909.115                                    
          315     500.41             909.115                                    
          315      758.7             909.115                                    
          315    1929.75             909.115                                    
          370     598.53            967.6025                                    
          370      688.2            967.6025                                    
          370    1549.74            967.6025                                    
          985     302.27             982.845                                    
          985     422.05             982.845                                    
          985    1543.07             982.845                                    

I_MANUFACT_ID  SUM_SALES AVG_QUARTERLY_SALES                                    
------------- ---------- -------------------                                    
          985    1663.99             982.845                                    
          913     668.71           1041.4025                                    
          913     870.82           1041.4025                                    
          913    1239.06           1041.4025                                    
          913    1387.02           1041.4025                                    

49 rows selected.

timing for: t
Elapsed: 00:00:01.64
