
CA_ZIP     SUM(CS_SALES_PRICE)                                                  
---------- -------------------                                                  
30008                   356.37                                                  
30059                   2823.8                                                  
30069                  3187.33                                                  
30150                  1527.69                                                  
30162                   1970.5                                                  
30169                  2795.23                                                  
30191                  4362.64                                                  
30194                   850.03                                                  
30302                   206.39                                                  
30309                   682.21                                                  
30399                  4651.65                                                  

CA_ZIP     SUM(CS_SALES_PRICE)                                                  
---------- -------------------                                                  
30411                  2788.56                                                  
30451                   609.93                                                  
30492                   353.85                                                  
30499                  4502.04                                                  
30534                  1988.82                                                  
30587                  3959.99                                                  
31087                  2783.73                                                  
31143                   279.59                                                  
31160                   491.93                                                  
31209                    965.8                                                  
31218                   741.84                                                  

CA_ZIP     SUM(CS_SALES_PRICE)                                                  
---------- -------------------                                                  
31289                  1516.14                                                  
31387                  2253.22                                                  
31423                   587.38                                                  
31521                  1727.38                                                  
31620                   612.77                                                  
31675                   268.09                                                  
31711                  2075.83                                                  
31715                   604.97                                                  
31749                  1597.28                                                  
31757                  3283.02                                                  
31904                  2751.21                                                  

CA_ZIP     SUM(CS_SALES_PRICE)                                                  
---------- -------------------                                                  
31933                  4109.93                                                  
31952                  2580.01                                                  
32123                   671.61                                                  
32150                    664.8                                                  
32219                   395.23                                                  
32284                    525.2                                                  
32477                   689.01                                                  
32565                   613.69                                                  
32738                   681.37                                                  
32808                  3514.54                                                  
32812                  2325.27                                                  

CA_ZIP     SUM(CS_SALES_PRICE)                                                  
---------- -------------------                                                  
32898                   2971.3                                                  
32924                   231.89                                                  
32935                   705.69                                                  
33003                  2205.17                                                  
33235                   728.77                                                  
33298                   741.22                                                  
33342                    747.3                                                  
33360                   371.87                                                  
33372                   405.29                                                  
33394                   1991.7                                                  
33451                  2915.02                                                  

CA_ZIP     SUM(CS_SALES_PRICE)                                                  
---------- -------------------                                                  
33511                  2566.59                                                  
33524                   571.12                                                  
33595                   829.34                                                  
33604                  2769.19                                                  
33683                  2518.95                                                  
33951                  2165.87                                                  
33957                   295.89                                                  
34027                   427.15                                                  
34090                   328.99                                                  
34092                   225.26                                                  
34098                  4437.75                                                  

CA_ZIP     SUM(CS_SALES_PRICE)                                                  
---------- -------------------                                                  
34107                  1851.84                                                  
34136                  3582.37                                                  
34145                   968.22                                                  
34167                   210.87                                                  
34240                   426.83                                                  
34244                  1531.99                                                  
34289                   892.56                                                  
34338                  3080.13                                                  
34408                   491.88                                                  
34462                   456.14                                                  
34466                  1649.38                                                  

CA_ZIP     SUM(CS_SALES_PRICE)                                                  
---------- -------------------                                                  
34536                   568.44                                                  
34554                   324.71                                                  
34593                   874.48                                                  
34686                   575.11                                                  
34694                   418.15                                                  
34854                  3681.09                                                  
34975                  4390.09                                                  
35018                   451.36                                                  
35079                  1064.17                                                  
35119                    873.1                                                  
35258                   548.23                                                  

CA_ZIP     SUM(CS_SALES_PRICE)                                                  
---------- -------------------                                                  
35272                   922.87                                                  
35281                  2979.56                                                  
35495                   797.06                                                  
35521                   374.27                                                  
35709                  2547.36                                                  
35717                   348.17                                                  
35752                   923.35                                                  
35804                  4381.61                                                  
35817                  1120.55                                                  
35819                   938.88                                                  
35858                   591.04                                                  

CA_ZIP     SUM(CS_SALES_PRICE)                                                  
---------- -------------------                                                  
35965                   567.11                                                  

100 rows selected.

timing for: t
Elapsed: 00:00:01.67
