
I_MANAGER_ID  SUM_SALES AVG_MONTHLY_SALES                                       
------------ ---------- -----------------                                       
          10      58.29        219.285833                                       
          10      86.13        219.285833                                       
          10      99.79        219.285833                                       
          10     103.41        219.285833                                       
          10     123.23        219.285833                                       
          10     145.67        219.285833                                       
          10     180.92        219.285833                                       
          10     246.39        219.285833                                       
          10     439.43        219.285833                                       
          10     457.26        219.285833                                       
          10     480.87        219.285833                                       

I_MANAGER_ID  SUM_SALES AVG_MONTHLY_SALES                                       
------------ ---------- -----------------                                       
          13      11.61           170.405                                       
          13      11.82           170.405                                       
          13      71.49           170.405                                       
          13      75.64           170.405                                       
          13      84.31           170.405                                       
          13     113.69           170.405                                       
          13     253.69           170.405                                       
          13     291.33           170.405                                       
          13     304.78           170.405                                       
          13     461.69           170.405                                       
          29       4.08        171.758182                                       

I_MANAGER_ID  SUM_SALES AVG_MONTHLY_SALES                                       
------------ ---------- -----------------                                       
          29      18.16        171.758182                                       
          29      44.87        171.758182                                       
          29      71.17        171.758182                                       
          29      102.9        171.758182                                       
          29     138.61        171.758182                                       
          29     208.57        171.758182                                       
          29     247.06        171.758182                                       
          29     248.03        171.758182                                       
          29     372.54        171.758182                                       
          29     433.35        171.758182                                       
          34       5.95           175.055                                       

I_MANAGER_ID  SUM_SALES AVG_MONTHLY_SALES                                       
------------ ---------- -----------------                                       
          34      13.06           175.055                                       
          34      32.31           175.055                                       
          34      76.42           175.055                                       
          34      82.49           175.055                                       
          34      112.4           175.055                                       
          34     126.59           175.055                                       
          34     210.32           175.055                                       
          34     219.27           175.055                                       
          34     258.47           175.055                                       
          34     409.37           175.055                                       
          34     554.01           175.055                                       

44 rows selected.

timing for: t
Elapsed: 00:00:00.30
