
SS_CUSTOMER_SK   SUMSALES                                                       
-------------- ----------                                                       
           126          0                                                       
           169          0                                                       
           197          0                                                       
           300          0                                                       
           540          0                                                       
          1106          0                                                       
          1260          0                                                       
          1261          0                                                       
          1357          0                                                       
          1405          0                                                       
          1697          0                                                       

SS_CUSTOMER_SK   SUMSALES                                                       
-------------- ----------                                                       
          1751          0                                                       
          2048          0                                                       
          2234          0                                                       
          2260          0                                                       
          2621          0                                                       
          3061          0                                                       
          3671          0                                                       
          3886          0                                                       
          3949          0                                                       
          4266          0                                                       
          4280          0                                                       

SS_CUSTOMER_SK   SUMSALES                                                       
-------------- ----------                                                       
          4620          0                                                       
          4988          0                                                       
          5205          0                                                       
          5269          0                                                       
          5361          0                                                       
          5486          0                                                       
          5881          0                                                       
          5967          0                                                       
          5995          0                                                       
          6010          0                                                       
          6215          0                                                       

SS_CUSTOMER_SK   SUMSALES                                                       
-------------- ----------                                                       
          6848          0                                                       
          7294          0                                                       
          7428          0                                                       
          7580          0                                                       
          7680          0                                                       
          7869          0                                                       
          7978          0                                                       
          8259          0                                                       
          8382          0                                                       
          8433          0                                                       
          9314          0                                                       

SS_CUSTOMER_SK   SUMSALES                                                       
-------------- ----------                                                       
          9494          0                                                       
          9866          0                                                       
         10028          0                                                       
         10133          0                                                       
         10803          0                                                       
         10882          0                                                       
         11274          0                                                       
         11371          0                                                       
         11388          0                                                       
         11525          0                                                       
         11545          0                                                       

SS_CUSTOMER_SK   SUMSALES                                                       
-------------- ----------                                                       
         11601          0                                                       
         11828          0                                                       
         12141          0                                                       
         12855          0                                                       
         13091          0                                                       
         13435          0                                                       
         13863          0                                                       
         14434          0                                                       
         14472          0                                                       
         14563          0                                                       
         14798          0                                                       

SS_CUSTOMER_SK   SUMSALES                                                       
-------------- ----------                                                       
         15109          0                                                       
         15277          0                                                       
         15427          0                                                       
         16802          0                                                       
         17076          0                                                       
         17100          0                                                       
         17319          0                                                       
         17647          0                                                       
         17880          0                                                       
         18263          0                                                       
         18342          0                                                       

SS_CUSTOMER_SK   SUMSALES                                                       
-------------- ----------                                                       
         18439          0                                                       
         18907          0                                                       
         19123          0                                                       
         19199          0                                                       
         19539          0                                                       
         19644          0                                                       
         19801          0                                                       
         19814          0                                                       
         20395          0                                                       
         20551          0                                                       
         20735          0                                                       

SS_CUSTOMER_SK   SUMSALES                                                       
-------------- ----------                                                       
         20840          0                                                       
         21154          0                                                       
         21353          0                                                       
         21622          0                                                       
         22023          0                                                       
         22092          0                                                       
         22352          0                                                       
         23408          0                                                       
         23548          0                                                       
         24005          0                                                       
         24497          0                                                       

SS_CUSTOMER_SK   SUMSALES                                                       
-------------- ----------                                                       
         24608          0                                                       

100 rows selected.

timing for: t
Elapsed: 00:00:00.36
