
CA_ZIP     SUM(CS_SALES_PRICE)                                                  
---------- -------------------                                                  
30059                  7005.34                                                  
30069                  6718.05                                                  
30125                   309.28                                                  
30150                  6607.01                                                  
30162                  3384.63                                                  
30169                  7057.13                                                  
30191                  3119.93                                                  
30194                   177.46                                                  
30296                  1462.37                                                  
30302                    353.1                                                  
30309                  1613.68                                                  

CA_ZIP     SUM(CS_SALES_PRICE)                                                  
---------- -------------------                                                  
30369                   382.55                                                  
30399                 11194.75                                                  
30411                  4532.07                                                  
30418                   567.57                                                  
30419                  1233.08                                                  
30451                   471.03                                                  
30499                  8874.71                                                  
30534                  9564.01                                                  
30540                  1424.12                                                  
30587                  7383.73                                                  
30631                  1088.74                                                  

CA_ZIP     SUM(CS_SALES_PRICE)                                                  
---------- -------------------                                                  
30635                   664.46                                                  
30702                   693.85                                                  
30766                   188.48                                                  
30852                   704.88                                                  
30894                   355.42                                                  
30965                   534.87                                                  
31087                  3850.65                                                  
31147                    52.86                                                  
31206                   528.51                                                  
31218                   220.86                                                  
31229                   236.81                                                  

CA_ZIP     SUM(CS_SALES_PRICE)                                                  
---------- -------------------                                                  
31289                  9291.71                                                  
31387                   6657.6                                                  
31421                    867.1                                                  
31423                   542.45                                                  
31521                  5178.42                                                  
31525                   572.33                                                  
31654                    914.4                                                  
31675                  3754.29                                                  
31692                   588.03                                                  
31711                  5559.46                                                  
31732                  1353.12                                                  

CA_ZIP     SUM(CS_SALES_PRICE)                                                  
---------- -------------------                                                  
31749                  12204.1                                                  
31757                  8365.55                                                  
31824                  2214.22                                                  
31838                   214.44                                                  
31904                   7930.2                                                  
31933                  6898.55                                                  
31934                  1152.72                                                  
31952                  6637.44                                                  
32033                   348.45                                                  
32105                   283.92                                                  
32123                   539.95                                                  

CA_ZIP     SUM(CS_SALES_PRICE)                                                  
---------- -------------------                                                  
32150                   944.71                                                  
32205                   734.74                                                  
32219                   440.16                                                  
32244                   301.61                                                  
32276                   522.15                                                  
32293                  5385.21                                                  
32455                   186.04                                                  
32459                   519.72                                                  
32477                  7436.06                                                  
32565                  1240.62                                                  
32629                   553.36                                                  

CA_ZIP     SUM(CS_SALES_PRICE)                                                  
---------- -------------------                                                  
32808                  2659.39                                                  
32812                  4298.28                                                  
32819                   391.96                                                  
32898                  5544.69                                                  
32924                   873.32                                                  
33003                  4443.28                                                  
33027                   944.05                                                  
33235                   441.53                                                  
33360                   405.08                                                  
33394                  7151.76                                                  
33451                  5335.03                                                  

CA_ZIP     SUM(CS_SALES_PRICE)                                                  
---------- -------------------                                                  
33481                   762.52                                                  
33511                  5905.78                                                  
33524                   585.36                                                  
33595                   211.93                                                  
33604                  5036.48                                                  
33628                   310.61                                                  
33683                  3303.76                                                  
33788                  1100.06                                                  
33868                   214.51                                                  
33951                  5008.03                                                  
33957                   187.84                                                  

CA_ZIP     SUM(CS_SALES_PRICE)                                                  
---------- -------------------                                                  
34027                   2029.7                                                  
34062                  1347.61                                                  
34074                   334.42                                                  
34092                     2647                                                  
34098                  7831.21                                                  
34107                  4124.34                                                  
34136                  5037.05                                                  
34153                   681.27                                                  
34167                   532.53                                                  
34174                   528.01                                                  
34190                   634.67                                                  

CA_ZIP     SUM(CS_SALES_PRICE)                                                  
---------- -------------------                                                  
34244                  3169.73                                                  

100 rows selected.

timing for: t
Elapsed: 00:00:03.97
