
SS_CUSTOMER_SK   SUMSALES                                                       
-------------- ----------                                                       
           320          0                                                       
           384          0                                                       
           514          0                                                       
           515          0                                                       
           547          0                                                       
           620          0                                                       
           636          0                                                       
           637          0                                                       
           798          0                                                       
           907          0                                                       
          1039          0                                                       

SS_CUSTOMER_SK   SUMSALES                                                       
-------------- ----------                                                       
          1319          0                                                       
          1335          0                                                       
          1453          0                                                       
          1660          0                                                       
          1803          0                                                       
          2147          0                                                       
          2168          0                                                       
          2177          0                                                       
          2225          0                                                       
          2242          0                                                       
          2263          0                                                       

SS_CUSTOMER_SK   SUMSALES                                                       
-------------- ----------                                                       
          2279          0                                                       
          2675          0                                                       
          2682          0                                                       
          2807          0                                                       
          2824          0                                                       
          2955          0                                                       
          3079          0                                                       
          3260          0                                                       
          3420          0                                                       
          3490          0                                                       
          3596          0                                                       

SS_CUSTOMER_SK   SUMSALES                                                       
-------------- ----------                                                       
          3644          0                                                       
          3838          0                                                       
          4396          0                                                       
          4402          0                                                       
          4613          0                                                       
          4994          0                                                       
          5160          0                                                       
          5171          0                                                       
          5188          0                                                       
          5287          0                                                       
          5355          0                                                       

SS_CUSTOMER_SK   SUMSALES                                                       
-------------- ----------                                                       
          5431          0                                                       
          5688          0                                                       
          5699          0                                                       
          5852          0                                                       
          5960          0                                                       
          6089          0                                                       
          6277          0                                                       
          6440          0                                                       
          6831          0                                                       
          6936          0                                                       
          7020          0                                                       

SS_CUSTOMER_SK   SUMSALES                                                       
-------------- ----------                                                       
          7389          0                                                       
          7655          0                                                       
          7923          0                                                       
          8118          0                                                       
          8128          0                                                       
          8150          0                                                       
          8487          0                                                       
          8762          0                                                       
          8880          0                                                       
          9028          0                                                       
          9229          0                                                       

SS_CUSTOMER_SK   SUMSALES                                                       
-------------- ----------                                                       
          9241          0                                                       
          9295          0                                                       
          9359          0                                                       
          9368          0                                                       
          9668          0                                                       
          9704          0                                                       
          9720          0                                                       
         10064          0                                                       
         10386          0                                                       
         10458          0                                                       
         10465          0                                                       

SS_CUSTOMER_SK   SUMSALES                                                       
-------------- ----------                                                       
         10473          0                                                       
         11048          0                                                       
         11140          0                                                       
         11150          0                                                       
         11183          0                                                       
         11232          0                                                       
         11606          0                                                       
         11622          0                                                       
         11669          0                                                       
         11880          0                                                       
         12417          0                                                       

SS_CUSTOMER_SK   SUMSALES                                                       
-------------- ----------                                                       
         12651          0                                                       
         12670          0                                                       
         12812          0                                                       
         12863          0                                                       
         12940          0                                                       
         13036          0                                                       
         13049          0                                                       
         13262          0                                                       
         13280          0                                                       
         13350          0                                                       
         13564          0                                                       

SS_CUSTOMER_SK   SUMSALES                                                       
-------------- ----------                                                       
         13966          0                                                       

100 rows selected.

timing for: t
Elapsed: 00:00:04.56
