
I_MANUFACT_ID TOTAL_SALES                                                       
------------- -----------                                                       
          930    11039.58                                                       
          925    11783.82                                                       
          697    12304.88                                                       
          691    19257.94                                                       
          915    21187.23                                                       
          679    22059.04                                                       
          831    22396.93                                                       
          786    24922.44                                                       
          918    25104.45                                                       
          739    25360.99                                                       
          909    25722.88                                                       

I_MANUFACT_ID TOTAL_SALES                                                       
------------- -----------                                                       
          956    28328.75                                                       
          821    28832.11                                                       
          677    29210.26                                                       
          723    34327.32                                                       
          774    34498.44                                                       
          801    35484.41                                                       
          953    35878.69                                                       
          977     36515.4                                                       
          914    36719.77                                                       
          748    37665.71                                                       
          738    38185.41                                                       

I_MANUFACT_ID TOTAL_SALES                                                       
------------- -----------                                                       
          815    38856.19                                                       
          729    39269.51                                                       
          928    39423.73                                                       
          941    39522.47                                                       
          875    41218.87                                                       
          785    41290.52                                                       
          695    41415.95                                                       
          680    41773.29                                                       
          843    41989.57                                                       
          791    42975.56                                                       
          944    43967.88                                                       

I_MANUFACT_ID TOTAL_SALES                                                       
------------- -----------                                                       
          878    44185.37                                                       
          936    44559.56                                                       
          790    44642.39                                                       
          968     44674.4                                                       
          834     45863.3                                                       
          722    45923.73                                                       
          959    46488.15                                                       
          796    46714.55                                                       
          963    47275.14                                                       
          960    47590.51                                                       
          988    47840.38                                                       

I_MANUFACT_ID TOTAL_SALES                                                       
------------- -----------                                                       
          978    48097.63                                                       
          962    48773.31                                                       
          921    48811.11                                                       
          847    48936.38                                                       
          885    48946.73                                                       
          852     49398.9                                                       
          778    49623.76                                                       
          874    49683.92                                                       
          745    50162.94                                                       
          935    51309.38                                                       
          846    51433.56                                                       

I_MANUFACT_ID TOTAL_SALES                                                       
------------- -----------                                                       
          789    51787.36                                                       
          943     52045.3                                                       
          993    52109.59                                                       
          893    52409.31                                                       
          706     53371.4                                                       
          851     53396.2                                                       
          772     54002.2                                                       
          899    54010.22                                                       
          840    54026.24                                                       
          975    54037.14                                                       
          735     54388.4                                                       

I_MANUFACT_ID TOTAL_SALES                                                       
------------- -----------                                                       
          728    54508.52                                                       
          687    54575.84                                                       
          902    54919.78                                                       
          971    54955.58                                                       
          686    55065.04                                                       
          689    55361.64                                                       
          828    55508.71                                                       
          955    56333.18                                                       
          817    56463.43                                                       
          756     57868.8                                                       
          780    57956.23                                                       

I_MANUFACT_ID TOTAL_SALES                                                       
------------- -----------                                                       
          982     58192.7                                                       
          929    58306.58                                                       
          923    58313.85                                                       
          693    58411.78                                                       
          961    58942.21                                                       
          730    59447.91                                                       
          675    59721.68                                                       
          870    59888.23                                                       
          803    60072.47                                                       
          701    60670.18                                                       
          998    60722.45                                                       

I_MANUFACT_ID TOTAL_SALES                                                       
------------- -----------                                                       
          933    60810.78                                                       
          994    60965.06                                                       
          809    61262.93                                                       
          887    61371.75                                                       
          992    61596.03                                                       
          742    61992.51                                                       
          837    62309.53                                                       
          868    62475.22                                                       
          770    63536.93                                                       
          683    63711.33                                                       
          826    63725.08                                                       

I_MANUFACT_ID TOTAL_SALES                                                       
------------- -----------                                                       
          973    63900.53                                                       

100 rows selected.

timing for: t
Elapsed: 00:00:07.33
