
CA_ZIP     SUM(CS_SALES_PRICE)                                                  
---------- -------------------                                                  
30059                  2842.96                                                  
30069                  4449.78                                                  
30150                   5051.7                                                  
30162                  5204.29                                                  
30169                  5407.46                                                  
30191                  1662.42                                                  
30296                   634.35                                                  
30399                  5852.13                                                  
30411                  3781.46                                                  
30418                   384.14                                                  
30499                  1326.85                                                  

CA_ZIP     SUM(CS_SALES_PRICE)                                                  
---------- -------------------                                                  
30534                  2405.31                                                  
30540                  1112.79                                                  
30587                  2518.17                                                  
30635                    380.4                                                  
30725                  1084.71                                                  
30732                   698.84                                                  
30852                   512.36                                                  
30854                   191.97                                                  
30894                   685.68                                                  
31083                   967.44                                                  
31087                  4078.22                                                  

CA_ZIP     SUM(CS_SALES_PRICE)                                                  
---------- -------------------                                                  
31143                  1022.19                                                  
31147                   582.29                                                  
31160                   727.15                                                  
31204                   389.94                                                  
31289                  4607.28                                                  
31387                  5337.17                                                  
31423                   639.52                                                  
31521                  2408.62                                                  
31529                   239.77                                                  
31545                   379.46                                                  
31620                   401.41                                                  

CA_ZIP     SUM(CS_SALES_PRICE)                                                  
---------- -------------------                                                  
31669                   199.95                                                  
31675                  5034.24                                                  
31711                   5569.1                                                  
31732                   858.05                                                  
31749                  3054.92                                                  
31757                  4601.39                                                  
31838                    572.1                                                  
31904                   3633.3                                                  
31933                  6373.85                                                  
31934                   159.72                                                  
31952                  3813.44                                                  

CA_ZIP     SUM(CS_SALES_PRICE)                                                  
---------- -------------------                                                  
32024                   616.82                                                  
32033                   540.63                                                  
32105                   301.79                                                  
32106                   822.67                                                  
32123                   959.58                                                  
32150                   763.43                                                  
32219                    282.6                                                  
32276                    809.2                                                  
32284                   456.36                                                  
32293                   2063.9                                                  
32297                   687.25                                                  

CA_ZIP     SUM(CS_SALES_PRICE)                                                  
---------- -------------------                                                  
32366                   815.18                                                  
32455                   953.06                                                  
32459                   213.85                                                  
32477                  3924.07                                                  
32629                   374.53                                                  
32686                  1211.29                                                  
32724                   548.77                                                  
32808                  4718.15                                                  
32812                  3979.63                                                  
32898                   6409.8                                                  
32924                   324.98                                                  

CA_ZIP     SUM(CS_SALES_PRICE)                                                  
---------- -------------------                                                  
32935                   476.77                                                  
33003                  4004.62                                                  
33027                   880.02                                                  
33075                   179.82                                                  
33094                   239.24                                                  
33235                   302.95                                                  
33298                   697.32                                                  
33394                  7422.37                                                  
33451                   5021.8                                                  
33511                     5868                                                  
33595                    503.7                                                  

CA_ZIP     SUM(CS_SALES_PRICE)                                                  
---------- -------------------                                                  
33604                  4464.41                                                  
33683                   5352.2                                                  
33788                    471.6                                                  
33790                    744.1                                                  
33951                  3472.42                                                  
33957                    476.2                                                  
34027                   625.33                                                  
34098                  6703.18                                                  
34107                  2834.57                                                  
34120                   427.12                                                  
34136                  5185.86                                                  

CA_ZIP     SUM(CS_SALES_PRICE)                                                  
---------- -------------------                                                  
34167                   888.18                                                  
34240                   521.47                                                  
34244                  4565.14                                                  
34253                   361.61                                                  
34289                   1694.3                                                  
34338                  2945.01                                                  
34369                   650.93                                                  
34466                  2076.72                                                  
34489                    812.7                                                  
34536                  4254.27                                                  
34546                  1503.17                                                  

CA_ZIP     SUM(CS_SALES_PRICE)                                                  
---------- -------------------                                                  
34593                  3705.59                                                  

100 rows selected.

timing for: t
Elapsed: 00:00:02.12
