
I_MANUFACT_ID TOTAL_SALES                                                       
------------- -----------                                                       
          930     5405.39                                                       
          801     5635.52                                                       
          975     6687.18                                                       
          977     9278.16                                                       
          925     9489.73                                                       
          953    12276.27                                                       
          928    13255.38                                                       
          843    13824.98                                                       
          927    14824.41                                                       
          815    15118.22                                                       
          740    15415.57                                                       

I_MANUFACT_ID TOTAL_SALES                                                       
------------- -----------                                                       
          786     16340.5                                                       
          817    16452.66                                                       
          711    16711.93                                                       
          785    19263.78                                                       
          915     19832.5                                                       
          796    20118.07                                                       
          909     20361.9                                                       
          992    20943.49                                                       
          823    21708.28                                                       
          945    22990.56                                                       
          766    23967.87                                                       

I_MANUFACT_ID TOTAL_SALES                                                       
------------- -----------                                                       
          738    24061.31                                                       
          757    24568.96                                                       
          858    24751.08                                                       
          729    25670.93                                                       
          697    25757.66                                                       
          886    26094.55                                                       
          978    26119.56                                                       
          847    26367.07                                                       
          791    27293.81                                                       
          691    27433.88                                                       
          755    28235.51                                                       

I_MANUFACT_ID TOTAL_SALES                                                       
------------- -----------                                                       
          855    28395.48                                                       
          868    29447.33                                                       
          967    29507.38                                                       
          680    30552.84                                                       
          702    30909.28                                                       
          761    31057.74                                                       
          745    31462.54                                                       
          826    31671.41                                                       
          964    31707.22                                                       
          897    31837.75                                                       
          960     32806.6                                                       

I_MANUFACT_ID TOTAL_SALES                                                       
------------- -----------                                                       
          763    32948.63                                                       
          693    33180.19                                                       
          765    33786.73                                                       
          872    34854.94                                                       
          864    35112.87                                                       
          821    35198.82                                                       
          921    35292.59                                                       
          875    35367.91                                                       
          774    35862.66                                                       
          784    36561.54                                                       
          887    36911.11                                                       

I_MANUFACT_ID TOTAL_SALES                                                       
------------- -----------                                                       
          852    37133.99                                                       
          750    37396.63                                                       
          944    37418.99                                                       
          956    38059.95                                                       
          907    38308.41                                                       
          950    38316.59                                                       
          789     38381.7                                                       
          773    38774.07                                                       
          790    38979.85                                                       
          951    38983.74                                                       
          756     39446.3                                                       

I_MANUFACT_ID TOTAL_SALES                                                       
------------- -----------                                                       
          678    39936.41                                                       
          811    40021.42                                                       
          971    40200.99                                                       
          942    40286.94                                                       
          920    40661.39                                                       
          931    40690.42                                                       
          728    40940.49                                                       
          848     40948.8                                                       
          963    41065.86                                                       
          710     41999.7                                                       
          772    42416.96                                                       

I_MANUFACT_ID TOTAL_SALES                                                       
------------- -----------                                                       
          955    42709.48                                                       
          724    42821.88                                                       
          814    43063.01                                                       
          994    44365.09                                                       
          771    44458.96                                                       
          947    44691.59                                                       
          695    45150.71                                                       
          959    45159.69                                                       
          893    45541.15                                                       
          730    46149.79                                                       
          705    46356.92                                                       

I_MANUFACT_ID TOTAL_SALES                                                       
------------- -----------                                                       
          770    46491.71                                                       
          841    46693.71                                                       
          673    46732.05                                                       
          940    46760.86                                                       
          991    46861.28                                                       
          840    46870.08                                                       
          948    46915.79                                                       
          837     47103.6                                                       
          990    47300.87                                                       
          732    47388.22                                                       
          686    47409.16                                                       

I_MANUFACT_ID TOTAL_SALES                                                       
------------- -----------                                                       
          898    47541.47                                                       

100 rows selected.

timing for: t
Elapsed: 00:00:04.61
