
SS_CUSTOMER_SK   SUMSALES                                                       
-------------- ----------                                                       
           140          0                                                       
           179          0                                                       
           352          0                                                       
           422          0                                                       
           493          0                                                       
          1377          0                                                       
          1518          0                                                       
          1793          0                                                       
          1991          0                                                       
          2171          0                                                       
          2317          0                                                       

SS_CUSTOMER_SK   SUMSALES                                                       
-------------- ----------                                                       
          2410          0                                                       
          3158          0                                                       
          3206          0                                                       
          3379          0                                                       
          3487          0                                                       
          3495          0                                                       
          3798          0                                                       
          3906          0                                                       
          4333          0                                                       
          4594          0                                                       
          4929          0                                                       

SS_CUSTOMER_SK   SUMSALES                                                       
-------------- ----------                                                       
          5109          0                                                       
          5667          0                                                       
          5840          0                                                       
          5973          0                                                       
          6037          0                                                       
          6109          0                                                       
          6142          0                                                       
          6241          0                                                       
          6605          0                                                       
          6988          0                                                       
          7432          0                                                       

SS_CUSTOMER_SK   SUMSALES                                                       
-------------- ----------                                                       
          7956          0                                                       
          8013          0                                                       
          8076          0                                                       
          8615          0                                                       
          8725          0                                                       
          8840          0                                                       
          8914          0                                                       
          9162          0                                                       
          9290          0                                                       
          9363          0                                                       
          9719          0                                                       

SS_CUSTOMER_SK   SUMSALES                                                       
-------------- ----------                                                       
          9763          0                                                       
          9900          0                                                       
         10054          0                                                       
         10108          0                                                       
         10226          0                                                       
         10319          0                                                       
         10532          0                                                       
         10856          0                                                       
         10900          0                                                       
         11067          0                                                       
         11205          0                                                       

SS_CUSTOMER_SK   SUMSALES                                                       
-------------- ----------                                                       
         11215          0                                                       
         11291          0                                                       
         11435          0                                                       
         11772          0                                                       
         11779          0                                                       
         12051          0                                                       
         12284          0                                                       
         12463          0                                                       
         12731          0                                                       
         12847          0                                                       
         12922          0                                                       

SS_CUSTOMER_SK   SUMSALES                                                       
-------------- ----------                                                       
         12938          0                                                       
         13191          0                                                       
         13202          0                                                       
         13239          0                                                       
         13385          0                                                       
         13391          0                                                       
         13601          0                                                       
         13873          0                                                       
         14085          0                                                       
         14198          0                                                       
         14258          0                                                       

SS_CUSTOMER_SK   SUMSALES                                                       
-------------- ----------                                                       
         14596          0                                                       
         14677          0                                                       
         14714          0                                                       
         14755          0                                                       
         15336          0                                                       
         15402          0                                                       
         15419          0                                                       
         15721          0                                                       
         15911          0                                                       
         15960          0                                                       
         16102          0                                                       

SS_CUSTOMER_SK   SUMSALES                                                       
-------------- ----------                                                       
         16175          0                                                       
         16521          0                                                       
         16551          0                                                       
         16686          0                                                       
         16808          0                                                       
         16898          0                                                       
         16971          0                                                       
         17123          0                                                       
         17178          0                                                       
         17200          0                                                       
         17314          0                                                       

SS_CUSTOMER_SK   SUMSALES                                                       
-------------- ----------                                                       
         17330          0                                                       

100 rows selected.

timing for: t
Elapsed: 00:00:03.37
