
I_MANUFACT_ID  SUM_SALES AVG_QUARTERLY_SALES                                    
------------- ---------- -------------------                                    
          264     360.93            694.2825                                    
          264    1076.92            694.2825                                    
          318     368.77            806.2325                                    
          318     514.28            806.2325                                    
          318     980.61            806.2325                                    
          318    1361.27            806.2325                                    
          612     332.28             808.735                                    
          612     423.97             808.735                                    
          612    1159.46             808.735                                    
          612    1319.23             808.735                                    
          893     473.92            836.0675                                    

I_MANUFACT_ID  SUM_SALES AVG_QUARTERLY_SALES                                    
------------- ---------- -------------------                                    
          893     586.34            836.0675                                    
          893     600.17            836.0675                                    
          893    1683.84            836.0675                                    
          262     423.02            841.9075                                    
          262     467.94            841.9075                                    
          262    1217.15            841.9075                                    
          262    1259.52            841.9075                                    
          985     463.76            892.4975                                    
          985      784.8            892.4975                                    
          985    1460.52            892.4975                                    
           36     342.56              894.32                                    

I_MANUFACT_ID  SUM_SALES AVG_QUARTERLY_SALES                                    
------------- ---------- -------------------                                    
           36     574.38              894.32                                    
           36    1191.05              894.32                                    
           36    1469.29              894.32                                    
          190     475.85              918.57                                    
          190     484.25              918.57                                    
          190    1090.02              918.57                                    
          190    1624.16              918.57                                    
          194      443.7            920.7325                                    
          194     630.05            920.7325                                    
          194    1129.81            920.7325                                    
          194    1479.37            920.7325                                    

I_MANUFACT_ID  SUM_SALES AVG_QUARTERLY_SALES                                    
------------- ---------- -------------------                                    
          913     590.74            941.3375                                    
          913     757.34            941.3375                                    
          913    1166.64            941.3375                                    
          913    1250.63            941.3375                                    
          163     440.49            946.7275                                    
          163     474.07            946.7275                                    
          163    1834.45            946.7275                                    
          103     324.57            947.1225                                    
          103      732.2            947.1225                                    
          103    1232.08            947.1225                                    
          103    1499.64            947.1225                                    

I_MANUFACT_ID  SUM_SALES AVG_QUARTERLY_SALES                                    
------------- ---------- -------------------                                    
          355     225.75             947.285                                    
          355     562.98             947.285                                    
          355    2133.51             947.285                                    
           17     540.49              955.81                                    
           17      769.6              955.81                                    
           17    1502.61              955.81                                    
          309     258.67             965.605                                    
          309      736.5             965.605                                    
          309    1190.27             965.605                                    
          309    1676.98             965.605                                    
          315     345.57           1002.9725                                    

I_MANUFACT_ID  SUM_SALES AVG_QUARTERLY_SALES                                    
------------- ---------- -------------------                                    
          315     514.46           1002.9725                                    
          315    1477.77           1002.9725                                    
          315    1674.09           1002.9725                                    
          800     434.12            1008.635                                    
          800     688.12            1008.635                                    
          800     896.07            1008.635                                    
          800    2016.23            1008.635                                    
          337     588.58           1040.8175                                    
          337     739.98           1040.8175                                    
          337     1310.8           1040.8175                                    
          337    1523.91           1040.8175                                    

I_MANUFACT_ID  SUM_SALES AVG_QUARTERLY_SALES                                    
------------- ---------- -------------------                                    
          887     561.72            1051.285                                    
          887     775.42            1051.285                                    
          887    1759.79            1051.285                                    
          195      579.4            1071.265                                    
          195     653.17            1071.265                                    
          195    1329.54            1071.265                                    
          195    1722.95            1071.265                                    
          370     372.05            1083.045                                    
          370     605.21            1083.045                                    
          370    1316.17            1083.045                                    
          370    2038.75            1083.045                                    

I_MANUFACT_ID  SUM_SALES AVG_QUARTERLY_SALES                                    
------------- ---------- -------------------                                    
           12     686.95           1095.9675                                    
           12     755.87           1095.9675                                    
           12      957.8           1095.9675                                    
           12    1983.25           1095.9675                                    
          402     513.38             1127.62                                    
          402     762.28             1127.62                                    
          402    1455.41             1127.62                                    
          402    1779.41             1127.62                                    
           94     571.74           1177.7125                                    
           94     801.58           1177.7125                                    
           94     1318.6           1177.7125                                    

I_MANUFACT_ID  SUM_SALES AVG_QUARTERLY_SALES                                    
------------- ---------- -------------------                                    
           94    2018.93           1177.7125                                    

89 rows selected.

timing for: t
Elapsed: 00:00:02.02
